299
300
302
305
306
307
49581
19648
3536
309
310
311
312
314
38111
317
63754
318
319
320
321
17886
322
323
7773
324
326
736
327
12277
328
329
10950
330
35570
331
34791
17803
332
333
63021
29978
49356
817
20520
336
337
338
339
341
15698
342
343
344
53777
31613
345
346
347
12004
20749
50530
349
350
15740
351
43578
23453
354
355
51213
356
357
358
359
360
40309
27412
17413
8520
63448
25747
18684
42367
362
49535
363
41830
365
366
367
50277
368
369
370
25650
371
372
57343
374
20072
11183
18020
24528
3727
30329
386
387
39059
390
39477
392
52719
28210
395
44263
14632
2253
25470
53136
7659
397
47598
6551
61545
52175
29555
40630
400
401
402
6589
30759
8393
14342
7805
21174
25946
405
56226
2135
